181 206 199 237 219 237 232 251 247 254 250
178 208 222 237 255 253 254 276 254 267 275
190 224 224 261 249 291 293 294 295 299 305
127 119 149 196 203 211 207 241 220 188 219
94 144 169 164 182 189 188 164 181 142 152
148 170 202 181 184 186 207 184 195 168 163
99 93 122 145 130 167 153 165 144 156 167
207 237 243 281 273 281 279 294 307 305 305
188 208 235 249 265 271 263 272 285 283 290
140 187 199 205 231 227 228 246 245 263 262
109 95 102 96 135 135 111 146 131 162 171
69 46 67 28 43 55 55 77 73 76 76
69 95 137 99 95 108 129 134 133 131 91
51 59 76 101 72 72 107 91 128 120 133
156 186 198 201 205 210 217 217 219 223 229