53 53 102 104 105 125 122 150 93 127 132
33 45 50 54 44 47 45 61 50 60 52
16 47 45 34 37 61 51 28 43 40 45
121 167 188 209 224 229 230 269 264 249 268
179 193 206 210 221 234 224 255 246 225 229
114 91 154 152 155 174 196 207 208 229 173
92 115 133 136 148 159 146 180 148 168 169
84 32 97 86 47 87 103 124 110 162 187
30 38 37 40 48 61 64 65 83 91 90
51 66 131 148 181 172 195 170 158 203 215
188 210 221 251 256 268 260 281 286 290 296
137 167 172 212 168 213 190 196 211 213 224
108 23 18 30 29 40 57 37 47 56 55
205 234 260 269 274 282 282 290 298 304 308